1000
8
0 455691230518395 -38416 76517 81662 -574970551004990 370005067856240 -25320480346131
1 709531641734887 -82916 -22496 -80765 360632537253906 199376684495105 -820799159569636
2 805053122262471 40678 -93954 82665 -400687876204590 731262305078075 -493122784355320
3 756807335824461 -94766 99926 32084 102311028711582 825703821275881 -236534726673907
4 475661758331347 82052 55300 -27289 694646056291953 67965639599468 -966489064261552
5 788248562490365 -74394 1408 55876 369796481115778 -981070080305930 -625253123747580
6 260209212448930 -44648 -21125 -50532 64165100362782 -622656677569052 968744795069482
7 453730839253696 35010 45531 7277 -467572569340819 45636132005888 199622190469706
8 284132349973407 46582 80265 53643 591299000129150 -797633526160810 47584712390083
9 388382027072900 65964 -79027 67061 -384453239694211 -933584271784971 -587109180966301
10 853098176042670 -22155 -73080 38599 15740481597090 -15022051398757 450706934857928
11 35806499883063 14881 -10113 -6509 -137190431439922 719394529459790 668135621835295
12 187192003744 59889 15963 12666 468375660119660 637984177610006 -585434461866276
13 463927428241207 3806 -79075 21380 974673471612578 760112836573278 -590291539940920
14 655199163447765 -65724 -45504 -36478 -15272553699698 456066697947859 -639797518184324
15 337575251179189 83666 -94599 309 -797504296053125 -53110900060358 468020108315559
16 928610227524662 90361 -2809 -31859 -331374768933371 489961504917077 -972303851072718
17 293203062460424 -6569 -16787 92581 209973741108354 797656608641076 -483372821278685
18 345564218176261 71684 -52012 -74214 191892997492522 -630131043025875 -882868315671459
19 621898826467065 49500 61348 -26257 446184772957533 274780067037344 -490315861185776
20 649089240161383 -76648 58133 80428 358457832296852 753922619049104 351406137103454
21 729423310752648 86826 -75441 58188 159307818372309 -325652611268132 -830650362366804
22 225696301880011 95783 -12872 95606 -345961871554186 -8506978965863 747495686894754
23 662061576136538 22056 -22425 -64800 -880255580366438 -355147757937248 843882143666056
24 365049643195420 79671 -71980 26243 863342188084707 662991571067233 108518034296513
25 782346268918033 68840 -41064 -29389 379063258622122 -799666925723395 957854237799826
26 964407376718909 -96151 -26082 18227 113916998069695 -215341409872851 577988290221639
27 113722352735218 -62648 69119 -56066 -742890398348377 561800195074135 -259457933533614
28 924808788659829 -20154 57375 8652 43227851057847 339644375614590 151163310479228
29 631960939822802 69394 22571 87564 -269106090121019 -921133623613186 -602246854941440
30 3006504255620 98659 27823 39186 -133629739345026 271901510754819 539481570578895
31 900664198630938 -8950 63922 -1892 923542227693932 912644389107645 -471040858758674
32 698835210921607 -63111 -52651 -28857 -337582630790019 92638335370164 183130098815646
33 158904595548134 -37723 -74372 98366 -598872153376289 -395636470218628 880933914454272
34 804174765223707 16302 75577 -84508 117849720041494 -44937724209469 700558817446418
35 525476773774273 -71491 30373 32081 984978040870630 304012191909035 78558030010392
36 591117574730684 -93699 43459 -10273 514912980157685 612014881051656 -685596275632173
37 350454460896536 -77675 87595 -5549 812687303821132 -365290438770960 -375687601474842
38 703166771328224 50334 -65646 31915 208594916746573 -476606569875738 -715311804935781
39 704114241609883 52402 -41005 -28966 -454411322197587 416362590097555 360761858950640
40 140459529026218 -86476 79512 47648 940701070069295 230264427015720 -614615478081922
41 918654865604958 85874 1739 -65041 -132707844517076 -28321491973146 -235754482098565
42 471396970637144 -68084 71319 -88699 -100459097439933 163049040315416 643647289039404
43 54357450250377 -35987 -22045 94940 -12631291279862 298160352060881 -138979220011795
44 498559314462482 14850 59974 -54795 -344737807888863 732616202473101 469945170739174
45 543331112118731 54467 -14733 -24145 906868194399480 -237185969697010 -375485684436803
46 498564785127870 -82359 -73507 -14936 -530482530048847 844890478924026 512374557684479
47 856768034477882 42767 -39085 34399 -614518817023718 -274147308070921 440621699354807
48 82577578605260 54183 -8149 -36583 -945650758716396 -538264929716844 -485751885089867
49 797868299475649 -69142 -92276 -63058 -542891551265174 -835446137430555 379311040630525
50 157329487423588 -4262 19720 33554 -542877497115946 347695163325764 -598508780291148
51 426999396892402 -79843 83194 49725 91838136949817 434205912503338 209990130912233
52 625229214531849 63610 -62492 -22056 -504746542732601 -518549110648523 -406237026909322
53 941594067383023 -95397 -56317 75082 -45152700222352 860674927083518 -575200113991336
54 129628507112318 4067 -78372 52504 -74660857741056 -2075663648152 -599440173612983
55 97830946863678 32941 66797 42713 48074143892189 636056130781950 160136333375824
56 157684510248534 -81607 -74681 90278 -751959063404321 307783323032533 242220875903812
57 926352418328461 1347 51215 34157 -362394716080815 -460940358339441 -415123784845413
58 772128807809029 64427 -43449 -9016 787126801687036 -290287640888313 131629313559024
59 44172698788306 -86044 -92453 51909 -318851316264119 -854031834652055 251204854518649
60 520454503159130 84581 -97216 12668 -381152269956739 105502716703362 -412501946194957
61 269424185077551 40430 -3757 88924 -103554243318476 -911863567767671 560273546495265
62 257418592637591 -63545 -69980 -30495 506943838401182 -560046827492600 488706114522278
63 611118042411860 83794 -13997 92315 -961467118413637 295235735172016 34060677704526
64 191864425594838 -86658 82745 -52449 646991475318822 597884404274475 -825320538315933
65 612675773633190 -26313 -8102 48993 -254627778486912 28339890249665 384077999626234
66 493052101809424 -7118 57394 -79102 -74345930653379 -821650222590626 9323528039934
67 795608324480082 23814 -66038 95156 256629956214744 962854654036503 -669823616603588
68 508603512247823 -21849 -32322 -19153 -144169895555710 -518747213870067 287983057230918
69 348400431292632 -97237 -69048 -8846 19879823739449 -25386689247916 -528319856569957
70 662738770704179 44361 95004 38447 222214473732632 373286527449201 9997227716814
71 109727865353779 -34826 -76054 -3940 634497222114029 496995317066001 879384795124863
72 34930829309213 6243 -18682 -81451 261673648543784 964840983654563 304256751481361
73 504664804723836 -19935 -62765 -61567 592966497507494 -662781269618575 989790924659393
74 890516858771354 1898 43889 -40333 -217350741686800 -35035364126790 -276657681947490
75 511838802245391 89920 57335 90875 378895479824945 -187521113830935 118729673914719
76 767648582675306 54603 -82576 36391 -34839588009388 -726557364844052 491286691796847
77 167191970867587 20280 -86040 -75651 676916854924635 199988244942266 908720073646402
78 762918969953905 -85554 56267 -86621 580742303664362 118356345870611 -271396653612329
79 455192644118369 -48116 23585 -43134 467470548300345 -189254715092735 688825924722394
80 165585568021161 -13143 -14681 11826 -258994061510205 -525393496128802 859187699985763
81 752219944277318 -31165 -34400 -83632 -946861585325301 587899886317677 158315971909344
82 141594613887264 74918 -21336 -43758 769143087056710 -288205648757032 150527603262122
83 233175290377517 -73845 -33557 64803 726150800138947 732868056925518 -480963497874654
84 768855122439928 -46103 94969 42389 428719866704052 -600219043009072 -619699016019990
85 975733325847905 45615 37164 29561 9252061705990 -146446877753189 -480125228637888
86 471670046374816 -50013 57102 6803 106424386001904 342380141372232 -767548180391820
87 767696289948102 48358 63291 45223 177158099657845 887276085320025 311962246401742
88 963414222991883 -33117 54870 33023 862078549974725 471719112798 -270599634478158
89 277666959959737 -41944 72982 72091 -631625175963257 759963101360697 216259924199323
90 163822986818688 -14015 80126 -30429 316162998023407 -128105868987059 -145614238274207
91 75373182251115 -54694 56797 -62830 -823713711790543 -53750413105915 750473617404777
92 117865240441985 -54544 -25578 -93963 -656645562217386 -729372413904278 -670784464936305
93 866601657090896 43148 -17146 -31590 -596896303159519 280825305093068 915120099008532
94 717891385346384 -79466 -69157 -75785 911467790759151 697387694188242 -364134561248404
95 148810397823235 26260 -82144 89341 -17628240866649 620171234496027 523820123146305
96 212737914828955 -90907 -44539 -57000 593401802368417 478021912768774 44610926057056
97 484443368822631 -26913 -67811 84778 756275226189359 302774412288907 -208865338842576
98 87438949492033 -82556 -59276 -41783 -165604011966284 -37895702468714 150742760617786
99 644203507266194 -3902 -65265 60918 -330957328911714 -959000361595770 -702980298065883
100 437385789668494 -63722 -89889 -34820 -622223817802086 -443400103286905 -519300573259963
101 477279489618885 -71148 -54424 14312 5725866962950 -953157763773569 540336232673587
102 876661328014123 13778 -77640 72197 579504981552667 423078550073015 882978257976788
103 325060332727857 91912 -75274 -69953 -429329974103371 367153682064081 443122920348604
104 269043714385560 -40218 -69167 26544 667567687554577 -748908188608219 -946269732963936
105 588051496195502 -18440 -92524 -20522 177759823727297 873599490929151 -133768692811149
106 492531579977696 -61026 38181 -81485 -3387081038632 -47698074325048 -416586320783772
107 911268325914693 -22896 -9018 33104 -562751143102033 786343862427093 714738496829935
108 8960584128195 97354 -75004 -47365 -971236450494064 -816034021063488 102940338449438
109 720422081105771 -48724 -74869 -64435 705933915193329 173197473103591 -63555190907610
110 328430139562637 87859 37904 -5897 -453474297989052 -367547985867645 -263786262491471
111 600514559693019 33819 2196 55970 -783735006147638 -951955739001380 -450157976563449
112 390259128899924 -88047 39763 -37580 -728804400903756 -136513942706674 583617696213350
113 46799015840202 -94579 62415 -26474 722874650209317 417779204963495 246272963982062
114 887449298214060 -90112 -29889 -23817 871836981316855 -344320163296798 505124546522419
115 908297328245210 87993 18835 73133 254660858084274 -680259588635165 958101363511306
116 914288820892732 -26687 46839 -20807 -767503328697111 162522273180200 -630160092775879
117 650577435309728 -90406 69708 27825 722688459824643 202033646061001 -138671664641338
118 591557682339879 52134 -74191 -88231 -113382565339910 178584510757863 -683050901592052
119 91607055125494 -26691 -53817 7836 -204148506284202 -299309070914605 -985758078595960
120 927315736121720 9611 51645 87309 374126951214553 -503812619855697 -573439970036031
121 48115422496257 1825 -81753 61469 786726861215292 620981890984255 -443972626270030
122 837394638413498 -44462 -26895 37132 139673725004826 574239848368244 608804018990112
123 405794021620601 2336 12886 -52230 919485049966401 493257722602754 743069513498543
124 238564031501129 -30459 -12222 44416 699831396491941 -978106325110373 -320201670167783
125 213570970282803 26748 73410 5520 -662565337976727 -834675877582596 -30306104687928
126 451023921587241 76263 94435 905 446087165229140 -697688516886453 -196458144607228
127 957998237039431 -37696 79025 -3664 -279591524377193 -861800111895135 -593437006947910
128 913886948391368 37693 366 -20993 881768294044625 793113097284978 226333944149488
129 103375857325592 73693 33347 -3412 -905801431038679 -98582415900616 726398179039677
130 300392069331939 92448 48181 71757 -384061182969168 316013289505556 -230631079581940
131 577684133396 18626 -8452 -53051 951592253105051 636765277123155 821551630436153
132 820065356978832 65856 -48667 70372 -397780313826028 471592266521705 -455421915939058
133 284236545374334 34355 18723 80725 141639416171849 -575628754638152 814035350922056
134 566442380045142 3917 -79583 89272 -658970752733493 431863211303137 -202612452978494
135 629606276775151 -23727 64630 -39832 428931537794261 913632148049561 54164079404867
136 284772510444735 -26349 8294 88328 -148068599729348 -569709546813434 -576937246835911
137 677379639379484 29267 -88342 13276 -732903172307612 314953133433239 -510483511629941
138 451736632837662 92204 37955 -29598 317152443146454 -691664665803956 -700927062657547
139 669265016634587 -83496 62841 94050 -427296644572794 42712961109511 283588230269279
140 1878611842678 -55477 20441 -28459 944925602080820 -562849812854484 973337650889988
141 46241642205498 -52547 8869 -448 887801642516881 -743894738590816 -365551694457853
142 58713021663170 -2008 36210 9556 -835554932236370 340275919306321 -369545024535934
143 980927454664945 -93035 -12389 -309 -972647936918145 -852208659880784 -922009986216327
144 516589642008524 84316 -42537 74770 -590777963260265 499734113671776 717403845531171
145 425371221648314 -56195 -27882 -1172 -342289803674008 493839651681207 523060153016325
146 512416939937838 -89702 91614 83526 -774029592172599 144562694533063 947998212787558
147 551370611033867 52144 58463 -6344 -115119576772995 -621905254305731 227345954197520
148 184538655345960 19160 -84878 12852 108494374795958 -85945293286436 768507660443898
149 803154508135349 -25777 84732 -32833 -800687024493043 266606093205191 -413481335839521
150 152089359297556 6586 -20049 5226 909893395719455 -278349058843359 -333816368941113
151 995927898878556 -56451 -15721 69962 735963954562029 -280256189296380 -869430723618819
152 502644454466155 -1063 -1339 -12023 258606614503844 -896494799552987 149096716264966
153 31372964672964 -10284 15644 -95514 -499472704944828 -456805461434445 -716719615262550
154 431798043172708 77736 -80956 66807 304770122179713 -695726972215692 571593389301212
155 640130364014414 32640 -48774 37355 424030709057540 -700901883806255 -635061579731509
156 82385600963716 78657 -49215 80260 218712635922811 948345040638090 130023425963418
157 532624202556333 -2655 13727 89508 -455301991607740 483422314090619 431533252386057
158 83570336478937 -27651 62073 -32265 395735411271069 278337969769632 -481184975536718
159 587750658615807 16572 -97053 -81392 -179187529043815 612428159573386 336409480718006
160 668399666382839 30290 4563 30658 -604756147395764 -907355409754942 425591017804119
161 759254293183334 -45325 -48823 49867 -29602080319676 349241835470291 300027107553548
162 591586718800746 -29898 13403 46030 -380579808119447 873560278680102 934126627696856
163 730463376632996 -54633 99338 25781 207087257745402 -473766321631453 125767789413357
164 965066542333611 -27465 87530 50801 -25577706034701 -883156645106618 -84377024515604
165 735488703762949 -57759 -48665 -7254 -476096520122626 308355089571120 305147438848201
166 135548222128995 79751 -94457 32299 -43709391351439 64165823375763 171090705586772
167 394156015982415 -52029 -37909 12243 -881538733224015 314105628521792 -351159026688829
168 52023302639587 -78162 -90120 83927 795160079972754 82425557081174 -375800840806820
169 907136535382278 31521 21971 -82852 586323837422072 -463026897222976 -597790284947935
170 942966280816351 -74255 80078 -41409 -171856418987333 897232230924189 -81197778951603
171 175946616086624 34925 -90893 53766 -531021027841219 -420399724689334 525076645784640
172 400229075713497 -67563 4292 -22529 432158312145844 -993645756348288 244019277350077
173 750561674250036 90044 95960 -54011 -663992829023546 -429148937222514 -359701473793938
174 754725508443836 -82218 -65661 -47692 -844117294438199 664628558516723 132853740378228
175 244704515827986 32129 -2106 47125 -274570073557993 420911159506733 -484273819307539
176 785475812792483 -26085 -36073 -12324 907709074719002 -646788379878195 -150284306504346
177 608128107490200 -84882 -75356 -6490 10017655705235 -224720353535341 -902806764093706
178 243577688613524 -48526 20856 97137 554530357126149 -918413724475497 -546513574110934
179 307838843449188 36332 -44323 -65559 626621031767825 893407280880341 -383268813665715
180 185225779125138 5956 46091 -42736 729739673543289 -528592138089842 188904545605016
181 773648685873611 44769 -78227 87165 367353501792198 136861287571063 938682857440541
182 763271166378545 9996 82199 75209 -180733835559115 -712871752756522 957937311325836
183 801964104332489 50883 78805 10534 -172901212671819 415780125016747 -493228638836532
184 95329191537298 -42441 60172 -42424 -23896950797369 793968687531877 -378404731421440
185 416955703328928 -33425 54351 -24459 677749014941855 -334951068764251 -403681991085557
186 288833965394959 -25654 72522 -47619 824395924778816 219250028109136 -719988496469525
187 602391056399757 -25873 13484 50790 811167144696649 -233204346266169 595618938739459
188 398143594423143 -58667 -52100 67184 -482185078686476 -352305596286005 1670891224923
189 61324884070199 -3061 26416 6829 -25780494834178 905884900450546 739313105203268
190 410714467394769 10296 -69746 86086 -598318037711992 142015458787818 791906284889397
191 60097194002228 -46746 96016 17036 -207446714386042 826001008109077 837785601776122
192 733535730964856 17973 -49132 -68259 507465006466672 956159363646395 -292788973892794
193 111484624485334 -5770 98543 -57899 -65580682621070 29546208952519 -666313774578462
194 479656859374992 79141 -41597 -23728 833346860732893 -698087137913617 -59174286885551
195 788761610660882 -91426 -27773 -75761 278128971027502 101335228873901 601420205238823
196 288363519710479 93669 -47775 -41572 -322107889377669 -942962538921647 214505206000166
197 879849895931556 98249 79262 59643 501834929802811 -249315915584377 -958407884083137
198 890092920030726 90236 -9000 -86042 297517253007528 -198660470768815 156786338891581
199 23064516920144 1435 -78607 -17878 763121660123594 799159717953758 568974854450882
200 144162331505616 -11570 91926 -95082 -209124251529332 -33072845110563 922196449213919
201 539359516187672 72793 -38099 84583 847719588831449 232478343001447 -47943609898847
202 737054023722248 -33993 -23725 -44141 -662362649825931 -183128478506612 89558920812558
203 262968230807283 35656 65276 -64944 -152350596292045 -144880825257135 206241019787719
204 712091038394371 54119 -44414 -82022 -916403752348070 14324293335138 387472423698591
205 524866890115648 -53052 34725 -68100 -205043938880660 996701711296738 483065968594508
206 129314556719937 -80107 -3366 -40660 695858321723668 -870726880974007 -961140122621597
207 690981067410917 10686 76288 57994 62759564093286 -403826757608836 -332953520269983
208 540659137087945 99445 26296 33889 -595702936136383 -457466611659676 130200304133950
209 546836545113469 13508 -58197 60151 931458914786738 501926953385436 264360259124410
210 612999024173341 -35774 22496 -99845 938050973485643 -451348342714057 -761571356751851
211 371050321213203 8404 -15042 94013 -651728014939460 -613935723084138 848463909468528
212 2224735267352 -77988 88453 50218 187455405026921 -892762898049729 -937329413775795
213 995886999490995 -69894 8871 45782 18124044987455 826371054604590 -543358041713210
214 289739391265249 47120 17381 -32461 -814276506601107 -215404731790464 -36467273435788
215 39438868359865 46856 25546 35491 -214065639065853 -416808900547880 -519077429482566
216 720149572977574 -21910 -11559 -38842 -36924877259675 -531194628658917 604493264444948
217 516417224190177 41159 9145 -88872 174407767030699 46992773404701 -242038574538254
218 692805882890887 -76015 14445 -3766 -91783006109639 742570945458236 -405923595486443
219 32876320790466 -81047 31884 -23946 980449423471046 -370898872223509 752390965170914
220 391479683482245 11911 37379 45236 924526440741563 935886845006095 -269977449977123
221 144083903160755 58347 -43357 -86132 -715069652897159 -182633708486062 -954234614061124
222 706696712030494 -64149 -12739 8768 -948357220740865 330828978903724 909684192437852
223 890896137073077 28554 88580 3007 647753027712566 -833761458849360 -442721317652867
224 529403801393205 9089 -98047 6913 -733871412101783 726100845231848 -705627180263756
225 894104495668753 7468 1093 79053 -655953034238836 618346843684849 -755036170977926
226 476645864634544 -59435 46253 73161 703947271612419 704376500675688 970378738049627
227 627573026493416 24203 35127 90388 359612666874943 781616797023900 -581662595682941
228 861802593432335 88483 79043 -86547 263938307980950 985449709877923 -635159496768287
229 817738060143805 -4175 -50985 54732 982287491377845 -911940426601869 -659361993023943
230 706761926048204 -18883 -41014 -38761 705318008202293 821808657492753 -730540098260144
231 443763261761186 7271 -45637 -18307 236379362997963 -77091569304646 -666605561828992
232 819479056514461 -82333 -51903 23067 953617002298159 124542835261429 795873435245077
233 547731851761729 56501 -52193 -73678 -924946236626311 -659060524145226 -923340918335111
234 683016746251602 -28072 -77081 -13837 705775998910345 -939269541896938 -345489056629227
235 654818648890581 -33126 -79915 -68206 -896244829925551 165527015529164 424025494106878
236 806152023924671 93357 23047 66297 305913967512651 191866597907646 304836783150213
237 756604209094963 1223 -20120 86607 819210144651263 -228321168827058 -840512730475961
238 834962319161733 -41547 -40736 41108 -556440161047174 150859665003616 -267312012805371
239 328927139940725 43994 65173 -28589 -311009101781461 205427445179528 233491718549826
240 384163197358962 -45540 14195 -61320 717476688546466 950373227504319 497196398902332
241 417218331447329 68082 -83379 -7508 -188189936932382 302476826968362 854614948676315
242 773608770620367 40992 -64608 75814 786496514514961 20939040252509 -771404569187425
243 603179800549827 68632 78268 -46851 19942139305521 -228812060914440 165415867011122
244 255445286360417 -90729 -10441 24546 -899771272599503 -25663705617762 -977870336922443
245 905594722214003 69862 -27664 -80978 -84425499936151 720671944253028 733234994607286
246 963818719674141 5704 -35655 -32021 242565380582108 187281573427527 -925949101596951
247 747686403275412 -90222 539 -30623 359368070578267 698644744828180 -583399852108511
248 255930466210554 -75162 78637 96763 382147172437355 -820752942081542 -251296951679507
249 448278888893957 -84266 54272 51307 -213944684331504 -415284878969525 -474757342505368
250 146660932164731 -71249 28727 80107 -678804161614613 -301435704879743 -956851745694323
251 148309625029280 46425 3892 -75496 388499083122504 668097127454660 270529304331302
252 159975041078847 -60936 -55148 95927 447451451245302 -507996566264093 120292203631620
253 408902090219716 -30035 40231 -76900 399622629765298 199085696265181 -159739981188452
254 256562836120156 50815 -1610 -54720 229803514843408 -532469592580576 420888060246644
255 853375848555799 -77093 50482 86171 -811569882225244 195676548800936 450515425439240
256 774611240719236 -67355 51967 12864 -731788502492924 404312627689425 -757240670580104
257 255013676807625 80046 -88009 95542 307046549911449 853073725044281 -653485767950417
258 470181494010446 -78993 -25347 -77981 180981618188398 -230662240585413 541949357450052
259 409521881529678 -43390 -15575 29938 604690521657264 -814465272116345 139928778390908
260 901943651935529 -50845 91839 66298 148744941185510 -469441567682685 -978467280153476
261 558334106683020 -54145 71286 40155 62043897324766 337892790757707 688452026583372
262 528937827263411 -26059 -36153 8566 441495125994195 766276028744930 -817884106325387
263 676208184261169 -90661 81334 -36626 732902059496773 -47775279783115 693491793350927
264 52739360294085 82901 -89590 -80590 506153367512180 -369676440954841 839087008404717
265 238591162362549 -2288 -26691 44103 -811276104430844 -492441461679352 -655745747588506
266 393655077514061 -30684 -47283 -67007 373920935043103 983831369431753 523227217193445
267 279216426302333 75671 -21912 -99693 539698943146498 -15602209182176 50248647967974
268 958968336649295 -5742 2827 99402 466991983207457 -169581053948522 -716841870385152
269 678830194436600 -92273 -99984 -33171 820648746170657 -28944451736485 -411862552930819
270 795124128609747 -32518 -84619 -73026 -443919845700660 -933113304904603 -743000066665960
271 364663455393574 88677 38202 77465 -989781352563848 -873686074932550 75364010461510
272 791935081789202 66856 74530 51594 -449614339005745 227850963730910 -582604353394902
273 538300122791247 -97889 -21570 64677 260010500674129 488072066271279 -495729021674564
274 680330311076977 -11805 -78422 -3621 820144425388999 949545779461096 245259332349809
275 744023013430435 -82213 -33988 44460 -926442085419719 -504027234074759 -55121112427556
276 952337242732001 -68390 -55786 6115 -514304441405813 -568990795481378 -728597795164822
277 81291565789365 4576 46722 -66963 -808610361051150 -974135567339786 188029046814175
278 859835875549467 32927 -39228 -25717 -63090909323424 -339336018215394 -769044850989298
279 779025149782566 -34517 -486 -45600 -453259968362137 -665882808871515 -114954332287994
280 519540197445286 73170 81312 60110 420523461282988 118875140721937 -38314101639231
281 558305371901446 56872 -7230 -75275 -782954783595923 -693974849406367 -735465915685924
282 272000379110277 -54337 -76576 -11292 158670717207708 944564710873829 606159828155486
283 700783124025124 -59599 -27214 -45696 280685399071281 -848086054291713 -842885526882079
284 111138491767120 98186 -40948 5835 125508295180836 490934208824524 -522067113857018
285 29865488883567 69831 -33357 12598 -471012750848992 318185672683117 369294787817026
286 209520267201629 14274 -84176 -6659 -347912310206656 125607822986893 293639598641820
287 101040036014482 -82004 -94188 -71430 550068915040815 -160734839263542 -833902704797187
288 696655976108585 -70259 92690 -15513 -74905385274506 44634370072534 443557666284942
289 546412596476970 -99580 72487 61522 -307932918402890 -64777414813119 -845409733323906
290 500888930508534 -36302 -72801 -37460 7557929903034 -429595226279891 -381230310376791
291 640384374081570 -20158 -82503 -16406 -41842258365303 -438903511162360 40439161966130
292 702478561560175 98020 -83212 84946 81790084732119 61048024403078 -138898698357159
293 231272549350330 11444 -94764 -3276 268984571604612 -365692206579829 -692358102735431
294 983047676046076 -26496 -3683 -30973 362779374708824 -578160237833264 -638415778461390
295 459585808353944 42183 3144 -97002 744313077009766 -882338568818641 214095019487564
296 639903656037100 58318 23318 53942 -624808807484718 768057121932757 414671791065131
297 264532544811425 92165 -37683 14061 276473787541873 302826508273707 56763469524662
298 704860166591966 -71318 -66769 80617 740954257026842 -802576985921066 -250863183452821
299 659588843051319 60436 92711 -91479 -973407767418767 -130179669936028 370005834350908
300 701247139007412 -51989 45976 81203 532403603784879 -527834241740043 -599157446059933
301 601470414875191 -60939 87414 41976 514124271856681 -507347267408635 -556317498103250
302 561460574781898 23674 89854 -87275 -312792750666426 -605084177784428 -337586998968084
303 583140911630474 -69264 99120 -34558 -279671241745381 811799016258748 267941031349135
304 95360937721923 99446 27119 42204 104080653392949 470954504222832 671531357502028
305 893971900139800 35577 -72191 -32633 -152982495479822 -910699186440209 682127493426071
306 820344364039872 -87589 83327 46362 -499301997474303 -124725724484158 -887264019267516
307 431311685444417 -66901 90273 69696 901892761546521 470363623594883 439220482337445
308 258241224192317 25382 26224 51806 157634253142302 -295950971406236 998093383048511
309 981515818380761 94513 -25005 97501 -164182819113695 -365683680740222 -539571783358693
310 355269716567872 20859 -83522 -95384 -405539358391747 -15440987903883 -749685439286049
311 227600267797970 78700 97916 -83086 -183379102457556 342493351082836 -752238578480912
312 780592313734362 -80824 48757 86623 636498931535139 -300113876413224 52934602877243
313 202884040556923 -80516 85618 -91627 905038498229897 -8131998780734 -244451639915109
314 847577450889587 42855 15327 22586 703661954809309 -690075401945706 704184938128423
315 851048735822418 -80947 -19511 -91025 86971159880065 929850850519483 942485743517691
316 931252777418278 -35154 36739 53712 733051999048749 -913957516358447 -6902139579586
317 640201918686310 -18084 1861 79167 -665426402127912 -7429302076587 305410675556325
318 224124525795887 -99974 -80850 -44655 717337986947156 342873847733411 33510107942565
319 723952672687658 -76340 -22822 53954 -753620034938375 25382289436249 972898253602829
320 503183545817956 65409 -58703 -67058 -267656898573407 -909483877791579 -479922673163738
321 622404471508767 -20397 -62293 43654 -763678463755705 548671717729319 -561596822793510
322 108798451319870 -11675 -50421 87721 -612972885485042 -51772830097305 456312858530479
323 112080543125265 -25123 93061 -2527 -374450113901200 269920563497732 354847230938508
324 352180372905999 63081 -17490 -40508 629148951854682 -813860875692681 -275771653147793
325 68249153354527 28834 -77687 60994 -188797228668566 244829457705844 -739844511202777
326 504636680272766 27340 -75319 12077 -870386600815959 -376970040312760 -347242660980243
327 105236986052225 -35101 -15223 -46829 700612858148543 267192058737680 -528794301572772
328 408363901409238 83515 -48741 7100 127576352950146 -436668089334668 422389295492309
329 116892134559329 66985 -95647 -46227 -992294900018704 -521718468404738 99967116674584
330 170951684603693 -98482 -7505 51207 -185910557359960 535034086823405 400026957374192
331 68780262873993 -72809 -76937 24284 321676013229435 -453723853476301 551840811796382
332 258253351630983 -29953 73901 -21930 -727793604621061 805849898267655 644910877033792
333 510276944532993 -34676 -30695 -65445 -200973271669796 -875806319886077 970872173207544
334 973636883798226 -33820 70134 46892 -945520242573078 321262116109109 -49207420641569
335 632410291869126 25931 -64475 69927 675029749433699 -136649973681149 -240505537959911
336 150264867468361 82143 -32800 91684 423754155943173 771002374248071 -951156222341066
337 715352707119743 43841 -56095 -48039 -940869562514417 -928203191353674 849763442325240
338 608898689098643 -11164 95942 3049 -982384505794936 -871144933729385 928024340409968
339 171901075491905 -7427 -42701 -9682 530054709838343 -174406630606943 625796653824671
340 55834355900565 14265 40799 -38344 699662267793416 -931637439213080 145284465456814
341 677083534861830 -93618 -13700 -65398 -987388211482963 -22934460878217 984229959053329
342 39206569652906 -13015 57112 29645 995514267737879 261532164017005 -304870531345472
343 656326442670103 58227 -71569 19907 627147307749656 811381836148054 -608830575474787
344 348313694724822 28189 -41513 -88327 -366250866414607 566762554546604 -813192358421015
345 740593456012507 17430 -44068 64321 -399665884252708 852251360810322 190522599789827
346 19548527396609 -231 52468 -62085 74791305690391 -589372438460819 -673402567162739
347 741877979839739 92797 -12932 24760 -152413160209299 310258598979504 702914676006910
348 686820519605103 -76634 -56235 42027 168477807083579 -589952587820105 369107887911101
349 55485727834032 12316 -54705 89114 902086117642553 829203804395262 209683309761716
350 222910609698987 63266 78294 -23447 -137512752930555 -187702041353121 308523057718726
351 600880235113987 -70760 -8666 23658 -146757189029020 743267463163384 343148087586198
352 976397091859820 85236 -20810 63232 109428796223200 -443920322026545 -449681753609420
353 83265470353687 19396 20302 21124 960705493004332 -782710534939485 -209467550099895
354 702997056819978 10653 -71743 40600 -816600216051397 -565245427808588 181265600258019
355 969246154795517 55793 -2963 7240 591846553762888 -633236907669255 -947010293884704
356 290358503592506 -87560 52342 -33979 206466617631593 744745596679388 80275865638913
357 735916409073494 -33733 -98548 92335 -892720193939030 -678184816945092 -184527706086611
358 988035160107125 -10095 -28660 92953 235204237487398 -241518970253662 -327539860174016
359 308115364696247 20110 -21021 6190 -444377789003183 159080584843416 237967559222925
360 929412141536084 18027 -70594 8881 573713371739471 189340678258667 -384076549033217
361 875226007531334 95407 70940 -71302 -43135294809435 -928746810569759 -717165961593408
362 722946452579539 -10186 45413 67630 -68196873468999 607260076201738 80376003798791
363 222732592337464 -94218 2700 72222 -874494964615366 492802119020659 911298235430716
364 714578171255598 7204 -61708 11953 -452023697352043 -971556640251219 -466087985469843
365 625490064185006 -53994 -44888 -99702 -725744608445362 -390282868610830 297911148333386
366 66208316941423 73081 44884 64961 968289110905808 -767325940926549 -891195767830729
367 128356220660163 -69407 8634 -29168 341575441982524 -275097389220198 -522267642475430
368 488013925452420 922 -83163 68679 454051521425823 552197745369366 18154454933763
369 773864550207372 19163 21421 15755 173479424627327 -526982651484393 666313519903926
370 840787910370304 -10456 15088 29190 -505824682700214 471556034686368 -855022339197309
371 759880000376527 -42597 -88329 -96049 191951871744320 -14760602858631 494507869392499
372 765991668307671 -92151 -80854 57202 -999102514825032 983565994699287 -851411119034963
373 133834085511178 81659 -67549 -69139 -660255266598249 -394660921757268 671701372238610
374 930494457166362 71689 -64373 5384 650748728099458 -738842582737137 -78752183743554
375 392640259800181 -25980 -14502 44797 890025424069527 719575327779962 -466535507792773
376 224165798833569 -98902 -72717 -67143 525646276952192 -16787815085471 -549580787129846
377 986801654491534 -28231 92232 -67833 457783285121058 -495656111742763 981705429394329
378 168143233565201 -44651 84999 -1450 -991501823698474 255659381089564 -51464430102243
379 831205363960337 -92182 -26883 83868 -734943817592082 -751952663790357 -479702437983232
380 63972884218704 -85251 50307 -12874 -63937358283243 -281245206187471 452769856819203
381 411013314394393 -47742 61274 -89685 435053552877905 328828386734811 -406470991331055
382 971284401884387 -85231 -32604 -71788 -679984527862824 352428979847581 720641153652140
383 394649165056265 59954 -880 93356 651058745877530 -712225009994957 547795628158672
384 560244983152635 -13127 2803 47036 609703228476710 185598931526679 370879411041641
385 586928428404895 30395 -14586 -56760 619743232333414 -1857887534155 415782348841596
386 808570923574384 -25824 -64670 -9328 -438616286030858 -115704447158531 -61459390944487
387 611938040427646 62953 29502 88672 805528481359908 614978776450214 -342033215316860
388 565785218484117 42053 32420 17515 196534090527327 -80573835066306 -996943088675054
389 993265167011212 41290 -38229 -42575 -158184515005496 187578196635498 -861318993236454
390 97380372234113 6725 99898 -66545 -324343545799726 740703195184908 -848531606496120
391 267668418488399 95260 -29010 -73042 61882409084702 -292882364560075 -86934222680463
392 717106899856038 -46255 -57860 39328 -764968742210193 -613346785853177 -143818237941019
393 9329946615988 -49105 55019 -60413 661657867074417 -298414304316296 946346839397032
394 398828887465830 -19617 -70449 27571 365350306905513 99395041077997 207918844452768
395 250179631171855 43952 3929 -69473 -797377535387284 837473176830640 -673498372216065
396 117562083992707 -7107 69354 85787 -529573348868795 285260322763035 -940813320201131
397 146250166710324 27084 -8558 -30723 849288566687276 297820271846302 -496597869824873
398 331963308766709 90838 -90227 -65739 343106289338065 -830804406411640 256580914003384
399 536408884096898 25356 -62646 92525 -924212044182671 -81234852913378 86596782361464
400 928822278265178 33912 64536 35226 829960927341480 -657011693147198 908652198308446
401 250724848545205 -36694 -29695 -88270 721645966865317 734420896469291 730124887427307
402 486289632950569 28412 -66492 -89178 656580773667534 182044552284224 -396087393490459
403 256632360117243 -53509 -36160 22233 -628765884969401 490475676855316 -437545927305027
404 107225531861586 624 16464 -13777 467775670267436 -975849478860009 720288398295502
405 830629468963675 -95736 -54870 28827 -349705592574255 -888111542604067 819770628929586
406 15452637717590 -92029 -90649 18777 672555801457347 353341338757558 886447676162097
407 946674848326144 -94687 -69542 -75135 407049504361328 612099628760654 -421627304232956
408 468221855681002 26735 57986 2114 409979728082601 901981191314723 781655193025935
409 325064101834986 -95998 -5184 -81451 292902873194204 843066372025171 890207696384884
410 793651201261274 -25853 -85279 -16379 489967684884411 989709202579675 226252892899686
411 112589845958727 22335 -88997 -69482 296673156456962 374331473626222 585792114518708
412 805588136824988 -57430 -68024 28761 -386015082885906 93526044860781 302566401488436
413 153717828758545 -88472 -91622 61870 495962214449293 284497359847856 529274223250751
414 986826181646978 -50408 -51380 90576 189956906991070 -945978536222179 57965061914399
415 182686756797841 58956 78985 -20314 -682361548432467 482587596298502 -431619574541264
416 182094607141574 62508 24323 25815 968482012956085 768679157998835 -492385846092842
417 499279982943592 98602 -570 -27283 186645857876277 -650904069990151 197886405748037
418 901385307962679 -9872 24297 -95197 649537171271427 823784942172085 485092788572560
419 557214222534891 5796 28617 -64093 -752761928571169 -169311202109820 973366638963387
420 842704691200033 3777 -5753 32138 469376470588006 504792549343257 -665125282568008
421 722775631830935 -50940 -41047 71089 -41119064345414 667327844890751 -678161716080951
422 849471921320581 86797 42419 -2174 -366979876836167 -356045039412962 354677300751646
423 783036539622734 -84435 -35524 -20987 878130900262931 -946915664369348 68225858826487
424 885673994422649 -12428 36672 -85096 430134789325535 801446450933131 482701414141238
425 8578301862567 -15192 -24740 65563 -83053413107714 197186057846153 -91887196777683
426 908010600362090 -72 -87714 67654 -365208504555879 458037845992255 663178405367003
427 3717044818460 -91463 -28681 37303 146099736166614 -987539299022550 416789542067148
428 811819248819732 -31123 61351 25576 351540070087431 -226977497434308 844066384087764
429 21903661234364 79 -89354 74136 -305401285620549 160337519984263 57892526875589
430 195582746059542 48853 -88461 -56470 -265464414767925 -923313001078165 -71356720279840
431 928980465966168 55842 -3077 -91926 429438236062102 -155813281964268 291871509765804
432 439227958867599 45391 39397 14985 516054761431534 410293427483880 592115258274261
433 948998405290213 96817 -22647 75437 521756462242199 -286215306916105 -163257845389910
434 662560058960507 -72592 17465 -14080 -22566250034915 -290446930049031 580263838563137
435 123545035554223 57249 7827 63058 142145718181041 -847654170953232 -646833630287652
436 588688732091300 88706 -84952 -81436 68782668519838 416425626012085 525955838388199
437 652468152789772 35834 -55929 53035 585779194011180 155832473787895 -6762227034900
438 590098160805305 -66260 -8532 56623 -932701592177868 -232533182957399 284517014646445
439 525280933661169 -43411 82989 -65107 -338359359431419 -872087133628577 114422673164709
440 488845158976125 -28706 -22047 53871 -833356314957419 959552240444019 240279399552809
441 550875924614889 37167 -67068 -42735 -949115240427634 105939952709872 -369875416055279
442 700576450907191 58571 93651 -65135 796997458494422 -745312950963758 -200849891262971
443 855141816714653 56149 -2985 91397 -294792618119795 -770150168191328 710165633769770
444 71987812524715 -3991 13084 31201 576040826460055 -560750055871496 630976712776412
445 964274885880882 -39866 -4262 -62367 153754734782407 -591100573298524 -898797254759539
446 960947548962451 73736 64353 67977 359961982192006 -701345548969948 -297540052096993
447 876894205611381 43228 -77815 -94325 651505925618716 -743741003981936 -129564144491873
448 640680469250993 62203 -12450 73453 748571513413791 -83765884453142 -602766119538028
449 913381460289739 -94458 -21400 -33055 271168987659733 -259763927934587 -707671106613570
450 487035184874565 91749 -58473 -89594 593224563103987 560746941106460 -4026592777855
451 833096700525403 81701 8451 -76100 -844640327301341 242792753490044 -20280808586917
452 411250527188349 -37737 54364 22511 -591785921734055 209722187077950 -886159962482565
453 616531524409627 63538 -39796 -18360 -895084404660215 -925824703629041 847894474195145
454 786753670076040 95471 -95139 64053 308668983273572 -734443467354723 -887816782629330
455 936480229532236 8638 -70434 72605 975823416209146 579147669209647 507140022764647
456 147023562488675 26372 -36214 -92839 -407695980826599 -58248810898693 -47372786020644
457 577518778890804 -6613 -1086 78512 -991865471059189 746625473157526 -584679627214347
458 859710737739098 -81382 -60003 -2964 24765530883190 334815756382054 -47970321865900
459 57603511622460 -83103 83523 22958 -277633980589499 -542821814332243 430606629596229
460 707207075207857 -38155 -44063 19381 156047725370449 -961370854473194 -494893960164015
461 724458909733944 9148 -21599 65726 -373439004713874 -690961225521828 238479046671024
462 397615229543539 96438 60078 -82846 -133980236406820 355806379865176 -163901838566043
463 840517576958739 36938 -85282 80459 -659548078015988 770623597292058 784137078759257
464 599125300408819 -26988 -17819 -74864 50578663623425 -831237051201346 -67823540689632
465 781133958735368 34583 -27119 84641 616153647956927 311463438060722 616252113425020
466 851902185822539 21233 -76265 52819 -198629758504785 -625358415065991 -990875886929529
467 637666323391429 -88483 54660 -46214 -668015867497405 -966365193362352 660403090576168
468 267526113503338 46023 -73620 71630 -831079985508220 -932921711136439 10854401226333
469 398379510271124 60655 36006 5450 -944371841386519 63723934069383 135694024125279
470 719155652854561 40067 90459 76338 -117324427482377 748170953426766 -17543579299267
471 209242142664052 -39625 38472 -97425 648537540879084 -99309782005710 -794577237629504
472 775010292427124 14613 -24794 -17894 750357993283636 111686660685715 120502553678901
473 351050741276904 11894 -72039 96072 793236786855314 -405783675407315 -165640734774478
474 780402157936018 -33358 90235 22597 -533218073241616 -930051533364037 648133253946746
475 87839561414428 53345 81016 -4446 155190516596645 -360928947335262 346740577654441
476 599008246110648 -99456 -69761 -84251 -737308443121513 -541511745552133 322873020062933
477 866029106311806 -16858 34989 39491 -138525620731883 -71215487990074 -712769698110774
478 322854532474195 -98618 40316 67268 178707358676222 -743536854808665 307451693713815
479 268347562271261 78259 93479 -51196 99719518818515 -433078647915900 877237510638901
480 858983486770156 -5283 -72000 57670 186756441291586 -242240728938491 141893571541481
481 761227194683251 -82773 19627 91489 -815806447021108 830397766756750 -149478310774564
482 99122252999530 62508 -97382 -81478 799779386393193 963476910633384 433315188991020
483 814884611800577 -26228 93737 -43938 -607363383575718 -268271428714960 -983173180216694
484 213410530478085 37689 34271 -55773 276985208598163 689275723602803 589586270524613
485 302806464401730 -99828 -95111 99391 354824316714164 17429705327845 614233293538798
486 363436827819412 12802 14061 98830 -361856329173976 363961249711653 187031070369850
487 690993729271187 -11660 -23593 -5807 -692860179771684 -827992319451274 142185522897603
488 539019541523848 -61401 -20721 -34978 -435583981544829 -477665035585664 20393136225517
489 158343467467852 82836 -1137 -95849 -511991908620798 794094429804573 -553415293876637
490 461545120173549 -69810 13147 87403 875519713181589 545304038351395 -350767611191796
491 846625480802312 83408 -60077 63627 -831577253896914 214009055365399 10932987013347
492 137056613269259 95103 -24373 -17376 -858933533892897 -209755464589495 -742862123547312
493 440969571834966 76390 -59642 -7800 -705146154536793 -102095012957755 382190736645137
494 83539642052806 86972 72197 -86786 -707852471512828 65029666373024 790795136303839
495 964000336148261 49725 28197 -71057 -69360809854791 550548743306943 -164291760847750
496 681671694311422 80410 -20813 -71368 -507712154886195 468923714054985 796925995690643
497 984563029643262 -45914 -62871 -82203 -677775508846916 -75262096881049 -896627801966143
498 295658632742637 91378 -80848 5898 46753466889767 827676471577793 623421844255782
499 622164623626203 69854 87311 -71745 142525608846773 -859790215712113 889234871976769
500 799351621387145 80561 60277 -65579 99759398769198 -993935657387860 158449102956295
501 941164086649930 46458 -85400 12780 620569724992516 1150498691332 838104676493444
502 963758561491988 -46237 -89580 -42592 842764766245875 653204465480655 9533119944
503 56977395629748 88700 -60531 86646 -334727908768420 604356360664121 -229924372979459
504 869693165972114 45119 67590 22640 -991524981232780 -592346611280273 88324461313956
505 195170786299406 -28697 -4059 -31132 -208059804531692 -932109009801434 -129998198797559
506 15848450692140 -48169 602 40108 -694752822923434 -148877073147479 -724315694617392
507 719694719733381 89255 -84060 -4662 -564347171628039 337867243859113 -681915777549910
508 817807562749179 1351 71632 -12023 -479051361080284 820312268673615 -96788737530315
509 897427647679839 22204 -81932 -66343 -74436320462662 -324827922420505 -655441964382226
510 622637548292735 -67592 -67006 -17070 -899282544397214 945901389984356 430189672301321
511 24482563297560 43006 -15129 27054 377486236044576 365992559268045 523318101238738
512 652683754474934 -5304 72534 -83129 -430728141633080 -528950021489522 268189377125060
513 95685148061644 -58843 90878 65226 -759389872679841 -182311412608004 -215965236475713
514 409890609261824 -78066 -65511 73271 51017589216349 -950904022602417 -147683745114703
515 332959535881136 -23875 55190 11708 -735052972375261 647471455617700 -311218644920707
516 317789055932771 74072 72588 92401 -393749544309675 -571519738754112 627080232169399
517 256439478760262 21096 35775 98667 980181365548433 205222957687657 910925062670411
518 435592313484082 -60954 73518 -38869 160874308968731 78251833758433 -254262330599451
519 881347868918231 -93524 28194 -85267 -256936359421588 746476943211896 933405665017242
520 675258311404959 -75412 82118 -39418 -957374569001978 -367359261964626 218742526024959
521 398684282506103 51216 -90841 94243 -665593482725111 461904004212871 -689635509743455
522 33637607070574 4169 -68656 42974 -770297135800669 -211157635754134 43554156471163
523 29503275356890 6463 -87526 -51036 350571144965822 -430590311633994 98873559195054
524 952458941576347 11582 -71200 -90810 -465036509188250 360342200760759 261790009381977
525 574833285672958 -3818 -92691 -46846 -724926952804139 -778555727754218 -107949867782367
526 918341931354736 44263 -79145 68220 165933983176626 -82477750216400 -729753642187864
527 351970158639626 49354 -18010 43800 128049729832712 -942507439606020 -578356268198574
528 83067779154825 -19669 61578 -66893 -100409897721521 858774239613670 551019582941547
529 451579290289869 -29416 -29013 -81047 -240519441557509 88204234009346 -839258449141874
530 143005825269369 -87340 32154 -77033 -956274437354210 146999342188535 -880812191046720
531 532542048245930 47720 21448 -60597 61989448243376 -309912467326395 135481696071721
532 504925960576754 76530 89025 -84586 958015507748617 525075421960218 184668667495977
533 240983068947155 38459 68349 -50350 -227703096540938 -124888685888648 -876230784893601
534 991960455470223 50856 83915 -82717 226268246454753 -847368406583558 -211837056072294
535 700702926478979 34202 11845 -39220 -787643332181604 420047072222141 247575346583025
536 905719998128410 22855 -91798 25244 -192383568404034 19920882393930 -867513736153961
537 958762792554348 89674 -94100 -86989 -531309157220020 877390444337982 925071905532289
538 640261758264175 17332 -66300 30346 104409089463249 -971593655870443 697919227223164
539 914553227460222 54880 -31607 70171 610483077012405 686036602971886 -227658120597753
540 747613416809889 -26502 -98543 49226 -610913920631283 899774322550314 -702528422702812
541 826752451333143 79037 79450 38366 -696003674813580 -346737585492006 -335597981588854
542 267093416657570 -69427 56578 93821 -948055353701457 925112676526650 864797387907951
543 775733195993002 84525 -66853 -28369 342692684532783 -895985877151200 -338154732530565
544 294310292635199 78197 82974 -8 -546202506592649 204040866790290 593780700230775
545 482714557827339 33247 -48705 68009 -61167348919066 134931532866400 736174982087735
546 456212408338651 1917 71251 -82248 -307437401045762 -271197863831256 500163367111763
547 948453988923497 99124 -54917 -78822 -535599707740170 -518980611104665 938432109105712
548 69877580795848 37856 -73827 -87835 -212934156774635 920628610800558 568288132873572
549 152268397404590 -60265 -8855 75170 298928739256100 -668916626223451 633780514557779
550 384597637308346 -21589 -90798 -529 -506312764925920 175915922402143 -375250638403982
551 346940435342695 -8311 -36180 88282 -233177163469248 830482294876096 -936750437826808
552 920952244701031 43184 -40706 17279 942785101272382 -614169135919580 -113767557142868
553 371983020283623 7612 85453 -97979 -935238386557583 13895826285864 142176961623588
554 802097673743140 -78274 -5197 59295 -888367963449443 -553477578116803 -117422682542967
555 816787250541493 -54499 21058 -79583 -474855403958386 -179765557147692 758323420115621
556 565131372281242 -64150 80624 -67723 991478973996652 -551865300393592 -730090792741103
557 33938182546369 -71933 7435 37968 -277096005064332 243472016547426 -799083410736975
558 403037721204899 19214 -36411 -80423 39050201870036 -825336087097600 618394940179040
559 775338314433217 72406 -73378 75091 893614782913404 -92575831790966 705172168187118
560 424102689082548 70097 46325 -40357 -109539888359202 -637141329577370 904959409774466
561 32684364026816 -32349 29513 93719 810099527271009 385293892763748 514023016600522
562 867576134128195 49273 67713 46735 414716146467275 497808795001373 402647696938923
563 443222715516560 80416 26036 -80923 -6000453201962 -19857817408823 -51820546416497
564 483823783705314 80713 4256 -77781 503135645700173 217730069639013 -308950586352593
565 266679352643346 87328 13462 5531 -605663253198616 956530454678137 777885080916632
566 818930815579384 52630 7294 90728 -71554978394133 -779673723276911 -979554060443867
567 953452650936194 -310 -76473 -31478 -231181216022302 529030224356253 794103825861723
568 931407073726180 -40141 -67107 45294 -833788912274598 -977419318267558 797477953162069
569 188417719613721 -1438 92561 58406 928794513627605 -40776266582520 -949420565458697
570 937466210690907 -32015 79289 -39025 663077738687686 910157380185991 -936245112334504
571 467601479311449 -63967 -33420 57893 -191260682701239 221450409139846 522713495555464
572 324951649170133 10158 50691 49871 946984947086647 -422706428267529 -65691777541135
573 499654939342012 -64950 56440 55996 421441040901698 695863822353434 -390475193078088
574 639993906262341 -46018 -25492 86333 849987942668023 919646834247763 -813655363800458
575 197782125010819 56087 66713 19596 -384693892830045 331426654258867 -30326574474385
576 517189384592315 -92199 87495 -452 195619117361385 -321311096771941 -531584805831835
577 18601016914585 23904 75700 -82860 -927413932164489 431377501698730 -941217976454983
578 720057550474599 30361 4063 -68088 321455548255801 837337357664553 -597793296812262
579 826905053310456 85880 19626 -23218 907469090881970 854936948379850 -788225433543093
580 842086081738849 13611 70250 -84658 -704779961163560 -931843125195605 190608589182721
581 902103846345292 -10809 -59276 -53159 143463731111390 476215388882002 605539113084904
582 916380989334329 64407 -54265 -5864 601702445145138 -392449218018694 498354916561401
583 217297424377672 56104 -49989 -26450 -313874230618584 777673995083474 -542705486838421
584 672895775379171 62447 -66659 -73998 29514357652311 -133487765763468 397137738072425
585 239621858860011 -19160 5217 95221 361360684974511 -160945847315956 771472701144115
586 18019610227414 -37215 69308 39009 982907703644396 806608547443336 -157594427947713
587 67567556666110 69240 -6864 30393 295728367935548 -195881302552960 852211502588683
588 925349266841865 -76250 45899 -99604 -826694228180444 669448436349105 -662602321230129
589 651866472721260 -29498 -18305 -84844 163283463605207 -540270659054061 -621352559922475
590 860308870118576 -64179 -55204 -41119 -981461865181605 260267383369638 -665891199574262
591 843160105703853 -10224 27297 -42756 548627280365611 -623764902698938 344333846756545
592 235068988919628 60232 39064 75120 -38914721900911 -169621620085314 88568200234632
593 785841093496040 24179 -32924 68044 987541153430561 -322676661170925 -462411253458682
594 721427646333346 -48791 30338 50408 897796214814098 131240878247665 926523243233315
595 487694188957618 89029 -20709 92940 -756395995714182 -381022721144639 204262636488789
596 8675359048224 16159 66218 -25380 -694592365403682 816954924147761 -914987385708056
597 22729733809034 70460 2044 98291 992657571019315 63234911102615 -647671704467739
598 680849391342490 -54181 5150 43853 -923727025508740 643772465083175 -465850344177997
599 391129574680949 63785 44345 -33851 958537293389557 -775795703303836 86896291051429
600 29343346735146 53539 35830 77751 -259763773413370 -360261467788101 390613691399149
601 151166535220808 -37843 -33798 51510 -210802078503547 170215449870890 -199554057762940
602 346757258153996 -90790 -48266 99554 610107951466708 589404953636534 -826972855940279
603 561592042815060 50734 74431 77517 -287288284212535 -458921504111693 -279218952172513
604 444593526327157 58256 -16251 -42866 -899854412762628 -209541021183490 214400590412511
605 701329129408863 -87757 37332 -15929 247724336005480 194793890542141 -349524030335222
606 264560400934517 17874 29978 82202 -151347278200998 -443259827701747 -646063377171831
607 335820949642205 -15544 -27907 -87495 584331413418536 796480019045525 926079502736448
608 171596239305454 18417 -32922 75954 499293434150184 -587025411159565 -326928165015404
609 945768947809735 -513 28461 -44585 -951639192739206 -635813393298573 156229438167615
610 42663948981759 90444 -764 -36184 786316039726944 -123028487981090 -618359914470664
611 769873250065977 -70747 93353 64510 -583674412833923 800673047724186 882406547255670
612 436604156997500 -59899 -62514 5360 302097789482808 667657676279465 835892231580402
613 77580558545388 -32466 74403 -62985 280497817059843 -916240601322098 -39976279603393
614 284859796306582 -28231 28981 39121 -978854575242083 -756631345058619 661552786932669
615 79049467179686 41128 -99918 56293 398477278541730 893480161298010 841195287273208
616 276969041023530 -54675 -18693 -1501 -31820293648055 -510977895515630 157924217435213
617 511249155376805 -65719 -52623 -40092 73800294702846 687620401732929 -815284426405563
618 540614917847416 94516 57719 50783 883486877165649 -889550658037156 -572006944578470
619 232926820941387 88770 3754 -65717 -164279499149251 -480852787115845 -49885340640731
620 95312045188999 69668 -61624 76928 6812807070059 -155789888455546 824910812675283
621 873680735278393 -57691 -35665 -47362 -553323567043799 582877024064055 32072103141938
622 353814252738848 -93312 25066 80698 298910944452736 -642801529909579 369925190938064
623 395432283754311 -52535 72957 791 552817880616135 -797804265386630 -781195056112572
624 300332218730530 29255 76793 -89076 711756291589587 551845546315331 634024908811622
625 369803697888107 -97020 -77747 60266 -691392616244010 -626442932927735 853112145576281
626 599029931773826 64133 69969 25873 -270045939283784 337445060793731 114111031553584
627 732713644910616 -52608 8152 68037 758955172296166 -606855172210352 888583407957300
628 598734859081122 73606 27880 88506 875657209239932 347173082392410 -724978353640989
629 685695062319489 -70814 -39370 95816 -55127063033312 100637348758110 332251452023423
630 822831023883971 -54290 -43581 -31150 114499389265048 561492944109474 -818452848906854
631 670174517842520 52813 27496 46698 -593729176081241 167548516044467 -582040029856601
632 326590085484000 28971 28932 -29926 397851503583754 -205667887721528 480066926102269
633 958963721773907 -34876 -76012 12108 -811790582949877 -234435229098561 550992147208559
634 97741642114388 46960 85600 10533 -667660690615732 89544136194128 776844163765135
635 295295762546691 34246 48833 45565 823908123719220 -742263039770871 -399380271877598
636 236861480831290 15581 -84231 86714 -142506219207913 670230174849614 499551667524744
637 108169685234693 94264 -39251 -72183 -967856623397398 -325920564244789 -937657590273495
638 387845110756284 -33983 -83525 -86567 -766632167535535 -366758915094311 -418211363315149
639 81081766601104 -10572 37650 -10588 -931832824691701 -311698230369985 223698761429450
640 553449566219188 88360 -11942 46089 -837817444408387 572428273480689 2627289822570
641 292832029258844 -50044 58418 -18820 60488169115654 -176504882776077 745727795252624
642 295268402374496 35139 -38723 28724 -425873143207598 389526092829141 -927263993727598
643 120729693543228 44375 -35857 -11487 -723610494733390 -555371391866967 503076145417787
644 15035931638266 34299 -86417 79074 -839074595960338 -676075263048804 -465613716028985
645 58608316934305 -48520 21873 -64512 -606601928948905 633572508180022 -574621111254047
646 823881057323619 28551 -24682 -3611 618570554504684 -827950445578874 536610831599646
647 890398973024754 73728 77290 -55550 -588086091032130 -624625221033121 -155612334593803
648 888398791896252 41919 -56324 91017 14680752735483 281758003947993 -745680477299417
649 961816663982449 33570 62057 -11657 412301557434014 467782585734180 -780675644528526
650 73654482142687 -45586 -16333 3086 526855215861445 956531786616748 713590912411354
651 999015676491938 47608 84597 12487 -694715730982117 851683438122328 125010568954745
652 30054443958966 88152 15251 -22766 876116625141663 -903517579949463 137204500731838
653 74452940049919 37036 92788 39305 998626620646562 -223924547738847 846752578619797
654 428363445139791 5639 1740 -16614 -823657702526134 181874165445784 -191227006964971
655 642977586551667 4461 10879 -17588 -470462445373224 -789339284787845 189798915238469
656 530657892127591 1486 -73776 97657 -226963968851057 665976280571918 -837381871867653
657 928756944019102 21207 -62416 84765 797981329724429 -66737434441062 -934070642114880
658 993372600372002 48749 52242 68505 279247367855705 214510334292508 357529366000676
659 545647178143661 -62400 55971 61498 -388928878019179 -631982961183124 222878180855187
660 169722764471736 77662 -14458 2815 397386978550972 -619454122291101 148698201197680
661 41593731987580 -80288 92155 26334 398229353133698 74060200878710 -441828317320383
662 565828151643700 -66420 12626 -87517 941941979799129 823219239129141 488986095116589
663 297559734723062 -8430 -51985 -37577 223771742452735 173639358351845 -441554697841424
664 578868772716425 92681 78042 -87771 -861401995731453 384974805753576 459576015633617
665 420475697611200 38218 91604 25471 -234544656123283 -140689878682758 -152950175303566
666 372085531420809 -80245 7158 20283 -79094524850613 -211124397436728 -25299830694156
667 110561399911880 -94949 -24360 2161 -550062659267213 -857386690020967 280772501618856
668 257353412299324 82713 -88391 10624 982771771818474 967769157714574 -259456620893466
669 300497052205320 15445 -96782 -64649 -948886335616223 890059623510274 -320920320414532
670 864511273474477 43401 -33262 -92848 -646067621652623 925415923015318 -51385831471456
671 100258604174003 21501 -10552 -25245 987152951557240 977059875066309 493605318546562
672 9924687137368 -85554 40657 -96016 988709632854719 -494023178640980 -780287372776435
673 478536398298871 -49837 35003 83726 419543045380548 -666961408472537 -167324427861911
674 22051117217986 -93555 64637 -12180 435388437057608 776990164243027 -417357720704043
675 760786406838539 63971 -66842 -94636 497427493629120 -673158723582490 503928092660105
676 65286782666760 -61129 15178 56195 -714688394615993 836945354572574 951699003352590
677 298245376174075 -68474 71588 50486 -534380369706359 430783338474417 504204116283548
678 252982186300765 -28069 -10425 45858 -461899619467391 -694999346446394 -957603791851007
679 890873367641906 -45406 -73580 4983 -27210826632002 -892936721021199 -495886795164
680 80438689665147 -21879 -33028 6886 -340875738647376 297895054686007 279501765167437
681 729965831096432 96442 -43722 40518 -390897436324267 -562500750585805 -132954380275912
682 568230642366019 -97215 -51197 59224 206666089280348 -494353561790780 53377509086439
683 292759920415666 -89741 95632 7909 -234073428211257 -669386576696360 61991024002017
684 945122188322354 -21856 -68633 -59989 209584134426700 324984084938884 -988787365715458
685 746632409822716 87743 71750 -7494 -23561237357640 658739829786344 -360005457683010
686 717081426029616 -23477 -23674 -45641 185429786208639 869329643603329 848257111152428
687 203530426432009 62397 -48524 66284 424025874277520 -861269841365789 354248192382483
688 276944876655528 93265 45599 -55637 -252145582948294 653815409196043 692254978653731
689 21541677278746 92819 61313 -75654 460368408391927 358689907487064 502690761558603
690 909709320820800 46367 26627 89763 -116741294117983 690722780094624 -131123687833889
691 628771072311512 24447 -33663 -53381 67961407622291 249067282500643 -809094350887990
692 249528552031584 88515 -24145 21569 725790811822323 -827578789189334 192002998794809
693 680024462030728 47714 62603 87810 731207666645493 -587747076377460 -95393043934583
694 327336131866754 -27676 5543 -39214 986904260176818 -350448506310447 -642364628563776
695 365177870905957 -5507 40726 71970 -340723128324237 321881312714533 73464424877427
696 70520323320669 -71918 -97423 -74329 -96035274583089 -558155623147475 651873414042466
697 48582365807342 -15330 -98987 39618 -746594014668014 -16512960445089 -78211092260822
698 563099036385274 -31347 -75523 -50495 897365030077894 445072838278746 -652707659277804
699 185795522398951 2434 -44367 10223 959040207963520 -146220649398058 -930479641205257
700 55168058663538 -99428 32195 66547 -580147699758758 -824676174298377 496171047121699
701 69195539603029 -22118 -92658 -89972 -512597810398101 729743544378660 -90621988302537
702 349450864788936 -35008 87286 72538 889528671847009 -250709474017799 354080410682291
703 792741482639749 -9528 18869 55602 -867035888762895 192957583027958 41465628159760
704 291559771002833 90863 20202 36494 534322475592680 398720595999189 -349422821772125
705 536008305792042 -39357 -78826 42151 404657506593475 265034815746791 393669317568765
706 339381109316566 82963 93215 -84813 -579162647545618 -670591774454878 672244899918478
707 7976244327891 4848 86679 -7602 875743051967421 -633689735934919 -522606281521163
708 494695912715002 -66661 57094 9985 -239183207028668 640859217828452 -401176592225629
709 654278751154058 -60409 -19786 810 -453687010771364 838807194578554 -903941808568598
710 915674386944113 20730 83731 -17548 372963194213008 -67355061409831 -22731495596113
711 371979539692462 18800 53205 64216 -223390997240750 -658812153186452 175697177444306
712 845932983719442 -62932 -60436 24078 143880721886808 -949535533323462 70664034742508
713 587158024320135 36846 -62824 -61264 215080573301754 -579022985406411 199109297981172
714 616013880913802 -34441 -50800 13152 -14754817929409 -308739896816799 974893770820925
715 14804147930930 -76075 11097 -34292 -562696664647097 10674130566501 -838847523413202
716 67117892228001 -78888 74996 -47612 -336266403795048 -428287512194480 -479662043931643
717 744255328971359 -12812 33994 86068 -922192281931514 968520881853579 213164342910459
718 317225066782273 29768 -98704 8006 -448155581401400 298522755475864 913177686952012
719 604789383810806 -8071 -21121 76678 -221238463823638 878402212453901 -959391804315803
720 374259282317753 88535 8644 52008 -308487839065371 -898209728766091 -324563973916618
721 858213705443925 36934 71676 -15364 798480863171349 -550485727159336 31067566492050
722 666743128144662 67855 68409 -94029 934079259310095 -249307314975877 -338216580918045
723 893353595567154 7037 -23516 -51478 -80042974718551 173035373036072 160350962448631
724 216657987127500 46766 -58049 28576 -2459447178725 -622355695686772 -499923242090074
725 817885782834930 54491 48180 66247 -625241761270298 -977029088380342 -944098868945053
726 969947132160849 -94312 -43958 -27060 50946883439984 621707744318274 -826261424868703
727 343462122066738 31697 -8084 14358 -396740253724567 -938084526649860 -972560548569134
728 283757759746056 -4606 -8838 38755 -485570661168098 56293340879110 114057220962618
729 833512680580697 -12942 81927 37976 -813495084878118 721933328180474 -553592381521032
730 807797799454981 -28560 -36898 -48743 -711800207736235 -480403288964901 -715313790165070
731 997092931552062 -91994 -26901 -69295 477644624737635 -848417470973121 -303856399725032
732 174862489846325 22163 20979 43096 881617454840348 683733760995141 -283771493404112
733 808946941906774 -16028 -14174 -97548 -712457241841777 463789565049612 833015780434940
734 579139608871046 89301 -61546 -59487 -965651478805906 546230551686993 -295089085797174
735 458448633431322 26277 -17911 -98988 -848524384395573 -387950525795290 848729711774851
736 48087630422 13465 53819 79460 471944944813803 -873203240038324 20779302680638
737 791861361738879 -34077 -70621 11031 -421375715871061 -219071039211093 -581007334627939
738 520948519517450 -9386 78493 29406 -931281483232893 -313650408223859 880188858820274
739 901114169709532 -94373 57020 50454 407156773877336 -543729109367611 213286684422012
740 55793050380859 55820 -54775 -29368 -919104046155529 995629215809364 572197829532278
741 870629585298618 57087 36666 86848 529509831657730 -466671875012119 -100242783062219
742 860088608782287 84233 65783 81538 -39883385904297 -558126298180489 -668727735476375
743 556924999181166 7344 93719 83099 23322623164467 153834776863281 -248764351824638
744 564980312501082 -71568 49516 46349 207258706708308 764156382951228 -533374416362045
745 588144967009811 33839 20945 -58211 -903480889608182 -759886190536775 354001511268259
746 826281660682628 -48744 55552 43377 444323062919456 -828619252587641 -694825396677348
747 653292882776170 80475 -46012 16585 -652730543044909 -367891801128521 -300342792124846
748 179292716124223 84358 -59662 -15036 -467492278855545 -291793312944043 312733624737819
749 828832891035557 -75766 -28272 -87847 -20027293317501 -253790139591085 10748245291459
750 331345367016744 38149 30923 90655 -596045410817957 -438660757230816 -951488874064361
751 213894361598252 -29823 -3659 87850 970689836001637 944126811855964 292424126514519
752 329651607014956 -28870 -15924 -24805 -56221833610240 -692722832796957 504765748865363
753 826374006195183 48156 -3060 91865 -376496536641810 -827054389797604 -229038005066283
754 920168807094117 -61960 10854 17282 -753514421136227 659155145292532 -909326623532007
755 380292680484738 32318 -15454 -33648 -12702360408275 481773370255345 755446529297248
756 85349102252953 60665 -22173 49847 -857261696924153 -432278304175909 620261210083433
757 475667275759268 29614 48017 -40324 -358991228568407 258946863619310 -442000217672120
758 772115071610988 11720 80991 -22111 779890832847185 98750280751992 459384085784151
759 319211627187720 52637 -45303 -20958 -829368400832472 792345041557168 -439074468686399
760 288986990699131 -28047 54339 -47280 -583547102875024 -756571380238749 520728375680934
761 942414241381985 16729 55440 74723 519789357779978 -388862526492554 634962377015696
762 298461221927227 -59401 -96651 42754 -374237512050661 -296781839593893 22929195354780
763 497180490392477 -35157 64566 -89112 -22211845410584 -604447577281556 449767677618713
764 951329495988983 99884 30352 399 -566447798478864 -492505506060245 450541104016679
765 803407128355034 -75942 78684 6004 -310426321570036 -17515585791465 339617317770937
766 383916974681998 -3789 72688 -21861 -25074124909013 -151019247286223 -595473417365991
767 245359658645183 -44464 -5911 -77586 -606350973011208 -436594177640416 801880103567703
768 873128078667774 58170 9515 -57733 93713084447299 -426055161070868 -985658473545717
769 61233107516517 47047 -42896 -67449 -73286940481268 -865577642196649 -4115051657960
770 191816629970470 -99044 49543 36739 -813826126027369 -926256645825620 -645864579511248
771 353297239635989 -18738 32786 -5795 558477647378310 444300883925461 305556133003238
772 126111391308781 -84847 -15334 -71236 -738037960672188 60078057899287 -818495397771999
773 501039226502147 97435 38846 31150 208134578010964 582469604822235 852042719969998
774 744490839594663 -47450 20541 -37403 -904731262204224 -342865706380055 -658865786374999
775 553214103924409 87698 70569 -65711 402960340572542 -884554226406350 123372239521221
776 418116933481748 10555 -93027 -54780 -918788547516283 525940369421545 888453601999163
777 22422349384931 -94842 -16815 -40488 666054949714339 822538360820917 724755100783323
778 568072324306324 -23263 -9007 -79425 253948801134335 -535574614694368 -754400702412793
779 282739128805739 37287 60961 43640 147309460536195 -501421450358750 848191804632502
780 370606940011783 -56676 -63354 49133 -942724190724657 10499208462128 585276637054890
781 727287929922707 87055 8912 -27503 248344662041186 597969351555018 73518099190458
782 830295615719520 53558 -43680 29191 -490309893447437 761023709612265 232202935118503
783 453128172833582 60272 -16506 -10026 -819251131608142 -741592683516956 486611288346518
784 152555746530505 89129 51812 15318 913733350924901 211233638275170 -620790138645355
785 122272082869312 88393 -67575 -49386 860233337095851 -34498875306903 620750641325391
786 263810032021497 84896 -94322 -9767 821502355655199 -284466516886261 954468516051391
787 982856448316130 21205 -34646 53775 -88431760278707 932146850306819 269151527814725
788 463937735358827 -64506 -60809 22800 759641076975835 622510248449455 50175711442175
789 21841046353643 -52713 -90424 37744 -942686986985834 798209037620411 894417143001195
790 38280317507816 -92225 87678 -3868 440680940087100 -445733716174104 -890238783413899
791 172855548693913 -37769 14276 -55634 -26129180172199 895795477009746 884046364819714
792 884339638155762 98616 39341 -18896 -324443959100195 -372418540766081 869245226481400
793 71773386714090 37478 80249 42882 953598636370795 495780763540158 870558612775325
794 93455827147128 97594 -84256 -36223 972387499711385 938945533686795 787526474832603
795 12370771891845 67257 48519 -88725 -237669569615121 -992880376588876 -267820412462729
796 262216143770135 -855 72107 87910 348989126015874 -143510109627946 935164829956460
797 305306402371811 -38357 -87804 -41599 -576619055352255 564158618096937 -880499621863154
798 466952433103172 -52436 48526 -89827 -312267735849953 -12925258020218 -432709264206727
799 467050049544410 70012 57570 35798 -247715831190396 -925008784945140 850361421391894
800 749404974667519 24355 40456 -66648 -809520221317962 256416810613165 -417355842814371
801 833883104061304 -66517 -77567 17904 83881321562442 -335448593090856 -220494006083865
802 389151551550064 34496 85516 -79546 -275185597769364 358845831831411 -517702235495279
803 999742236098136 -88700 -57367 -68796 904077283859038 -223116492808813 342339909716161
804 776039483260790 -56508 41103 85704 -646758218549250 66441189143000 629730903311675
805 104563988150398 38732 -9402 2615 -581617051280403 165014653078679 844960474240708
806 649481316749691 22725 -95980 90457 -964355094669787 216961185580081 632079321606620
807 647149898370627 42360 88539 49632 -911221521694804 167017335486245 -607525706170515
808 823976786805533 -40434 -18641 61776 90827444655430 -206407389503584 -782280393603634
809 21510946430348 -285 -16283 -10039 752157637287513 712389675760758 -584839389611192
810 996590834972805 -42275 40907 -13767 289457259119233 -661288178797257 792850043596917
811 744175081817958 -94072 8991 52485 226176320735696 33174849418684 397170926717127
812 996123113139315 58579 87170 -97962 932654928595960 -994221068112963 -993917410563458
813 243060626426191 11560 -65623 -89519 -975349064869332 -620936642765318 -135617866736034
814 885589754473588 -45738 85299 11882 -322211372697883 -266528469230735 -378336818653337
815 799382741609539 -63533 99722 -93794 -849854669716723 -638690470340533 -12116762372309
816 850099333616046 34614 78338 -94974 666536285024705 -746277436154852 168316331897458
817 60884528749463 29554 76196 57823 248506899502618 355930655905698 946233468213328
818 804188446259537 -83303 27970 -20886 668724979738155 251120509452641 831569592584590
819 56685235308425 -83780 -83760 -97603 -313939602690104 -168164622104814 -576497109612748
820 885692351591756 -17324 54314 -61387 270925041725165 -64155049860993 -40986057438305
821 729124664827610 2550 -36517 -56988 -948620416654928 469440775252491 -475389798841889
822 425265872067765 -66949 -12223 23125 41867268788286 -411595262490956 593741333490219
823 996540937776815 -78072 51947 34341 182613058194219 643640447469472 -558351143528047
824 559830882479428 -71575 -74318 52494 397678926584908 473022064475208 -144946044160191
825 736892309354858 -27700 98028 5934 298916845996848 -166934975732503 715221564373718
826 688554429166419 53049 -35547 -10403 164794534291974 228932463962512 -687009444575078
827 38530483928188 -4328 78118 -17156 -738629297695012 567723829116890 -593595831937492
828 335648523430722 -42972 -19174 -84279 -674382829939288 -994594988337630 -646278795397847
829 911997004311786 -57893 -60393 16791 169123659940010 199365520395768 -342941752105934
830 950707853427041 -47946 35755 42269 -720314844553372 -971766603614180 -306228914292459
831 346676226935227 8707 800 -83058 269399884139039 396069550987296 106180802713355
832 425834086120948 -70022 -97962 62061 522649404767402 -430481332645507 -440464099955378
833 437461034721412 -60761 25494 -12135 904916882546025 -123456368163851 654430256803319
834 623419510738880 49450 -43528 43909 500440341257596 946488541531083 48014408079561
835 944833451991325 -18268 22924 94952 -327022383353208 191196045064222 759452236826209
836 971711857021541 -18083 75147 7988 754108628434068 934443078629879 -383254963349470
837 922023003558796 -79992 -43262 75124 966263466053383 844815489218974 942248602085452
838 775627348507234 -19013 -35801 -62845 -957896723657088 -994729602529019 95265090414756
839 151110134007538 30884 75129 48228 783621590891945 882272313298337 342511447723895
840 882853568958916 49904 7685 -41928 911518875695876 -414091953701773 -487564128513175
841 325972658702108 38357 -93867 80250 447090837550286 67193929518351 782203309958901
842 658983157949862 -6572 51239 49411 -609302476842089 -11885320512409 237302355582480
843 83739749877017 84630 -88233 -54322 634247729807356 -775328749012935 -144671170373316
844 83688797724511 -89578 -47189 -24568 785056490819617 987085186035423 324874917738089
845 349964478850030 -45412 -34867 -97160 611858245933312 -440597377370444 -365139291901633
846 597895156427732 7636 54801 -20023 464741423954556 678771647299829 546858532063750
847 747368315314713 -96654 85936 -28915 818882136355273 93949370836504 -757113164380125
848 216058162043052 -30057 -59964 76187 189175385198624 -872208307820094 -970361071958760
849 270931314115517 -93688 -86749 -24735 -522702398497598 -921803950846010 -837517654993978
850 243110126586717 28474 -99763 -33628 -43615867345221 -879318506669007 830513484098994
851 546797348813518 -23342 98517 56380 -16447700680815 504801820176688 -903954857317484
852 919644957016617 -92217 86242 -36431 -331877508697433 55518147658993 799596949077008
853 4706856009176 -61270 -17129 -51126 940230990336044 335671882193666 -839394507900234
854 902423540446162 83400 -12395 -20750 -948334225924654 -210072645476033 627033386010454
855 839035041800170 -85002 76611 23045 14892131961899 -429130245198130 -515805177260938
856 477391377515683 47862 20602 63915 -810520355765422 765766032649647 -780753040519203
857 97604054925180 -79282 -18520 -31340 -281101045529849 -197933205605446 -416722050259555
858 666159714023028 -17138 4827 -67897 518819830844509 536850041007831 -256771558211901
859 368373494844685 98702 51230 17078 399109634451121 525924769904881 -424086208233768
860 776716047604432 42208 24700 -92421 -966073874031699 486683735025208 -70750639563617
861 192378502731908 80695 -95006 -21715 -742566588519425 -501829091218180 474572402646993
862 376559745268154 63094 -19333 -78432 564128822703014 -875859419599156 462928274877449
863 946164639883028 71849 -92253 -68712 -888269906856999 -384794192408737 332863361747300
864 235933899185964 11898 95065 73545 373537154246578 -823613858108599 613915809068615
865 166039844521510 -4296 99729 -93619 848501272842463 -47845130940320 32127225263682
866 217867420579233 1124 39859 -5194 -845371845379228 41673375523269 441153044379945
867 416989121489194 -88159 -25346 3766 457000367802110 -281915628271273 643978223159597
868 703176171785344 -15446 94261 31229 691155040125123 102893826044213 -83272107994058
869 861850824398713 39500 9925 21908 -188340561616725 433382945231548 -337163117721620
870 168358586989081 -80399 4264 33226 -383652532549994 -484174556920568 -199729899801892
871 147491336850440 -25856 86437 30080 627823886234919 -970917998088739 -975552024390020
872 901297477085863 -85912 15825 -99617 764660831204199 -727355150241020 20453327228254
873 18478988702860 63494 -71593 -41953 -605614150385527 555218145068783 645647030815342
874 611920901895358 32190 78118 87334 514486426509849 13997692368323 -945507936099481
875 243488928597697 -1918 32173 -65665 -563704855582308 263162084010713 -4138916719788
876 78761356010189 36911 73588 -87548 91791544432434 252908495227246 985020306305598
877 202582934314576 -49637 -19266 8225 949073278189881 -377620534498369 776021531510615
878 159165158997933 -49220 51009 -87723 -621202130179759 -434173899120263 272619915146392
879 79613860147690 -48074 -18334 69985 -406213101736353 264280663215678 -565358343759368
880 198715331294177 -49054 -69498 96321 414801714675262 -619907287673939 264313399297574
881 506308813097455 -115 -8182 -92744 -109748293529191 -203876611178000 117881066278320
882 384948601173415 15726 97740 -97930 933361017307395 -153476131702647 -165796420887023
883 793740492354301 -51953 81048 94188 -969816837279515 152351148764915 -292112348787674
884 494629778732173 -57202 -66570 -8118 -174163744046357 -215057882349673 -805241671042199
885 963510341981969 74477 -91854 -55988 -238968156735184 -449788632428027 697652916833133
886 267196601848736 64828 18165 -13426 -656735861658642 -784059447773132 253226411214406
887 219018108294832 -10530 8038 90253 659837095759247 -436173962770623 923960297552612
888 554022804271750 -21372 -86122 21424 -190830108055034 82191469295025 -752272434294597
889 962839335740846 -58667 45098 -92965 -761456080007215 724443076566973 778298661507947
890 985054521066833 -20203 66974 85951 293884408534960 699350458511845 -533933904512272
891 103832048840987 52768 32181 66040 970044884289831 584216715744849 227920362691298
892 885958488203891 -23809 -95492 -2082 -691070616442985 -869546991400886 800695455088938
893 599271251918927 -16087 -57438 -76669 692866182295370 782634527278317 -108970423069599
894 634770274459603 -84818 -13767 -11477 -353971587455568 775493265189578 89540184860632
895 783010538519561 -58773 16808 -53890 839514603950616 140883025657180 511625851909027
896 610068967851467 -85897 43579 -96063 -696513882440039 -7924243745420 329181482240741
897 76848071123583 -56137 11988 -79523 489071925569629 -895639639774618 -168569425632044
898 661373751177966 60231 -88152 -82953 -380960048321644 706509514745863 -437809307060206
899 694937350210681 -51682 62687 39347 -785849971769245 -210734502429587 127697116970462
900 469274817373779 -19282 -7620 -40601 111081015652016 -391302138667348 -503350572994992
901 723918714663065 15122 83173 96108 132749589215457 206106748529523 -557354103880320
902 371458480013161 -65053 89849 -32303 56987399215350 -754446867020175 27087419660889
903 957458323496969 -44119 85727 31364 -380111091600603 -849035208985626 -861474528075104
904 164075796618645 -31870 -15493 37787 811550953941005 464502331352004 -649472860422704
905 182421526093172 -16200 -70396 58028 -613953287600860 280924516392002 -628824240228425
906 110158725154019 69191 56599 -85804 -156705923029303 -528171309750141 384821236591362
907 115112494650967 -65409 60963 -24125 -969387255995472 -964301897925473 988921837092130
908 370925410984881 26941 -7202 -36247 114156525759541 792845814667108 -485191893133528
909 632971170593521 -61487 3721 -13743 717941619624198 -848165289891625 -697316575087951
910 72893216771207 93995 95799 33842 -380867435969695 -719670446074349 -688379965358711
911 106146844064199 31855 95566 -93827 900009698802597 -167334993093699 166938558074610
912 487910634897170 -57456 71327 -91699 261349712338402 236067118364899 75918573443663
913 807217198673848 69533 40742 81544 -764706437602074 580208552802143 -846653841072679
914 154127601519733 -38845 -14166 23435 -748410341752140 -136501298421668 -749117434620453
915 890960252067235 -2235 65288 14395 62908232347066 277026257610757 72475950497909
916 226131307061897 62359 -70106 -40734 -65607351328677 37868153720725 600298343832637
917 656976672222243 -75991 36376 -4954 406726239326906 193015278740263 -498847577804548
918 382561020935088 -79964 -60519 90335 -73080632315123 137672612417668 -168550143432679
919 659964706393264 -90474 -72393 63615 20109490544130 -333373276736534 -152962113692706
920 33793001517361 24022 -7445 49352 -309447410006449 633345602095391 -141896183479282
921 614120453320274 85004 7384 -47014 -124117145177199 192743098275198 250313450553254
922 455346383294685 -2216 -66073 64672 41762231863349 -788871858393848 -433799768273773
923 118054606624574 -94047 80821 -44554 -336124426769169 203795959900141 -604835933011529
924 538769350532468 -86143 -28271 -47068 -431767173064823 -509774268727021 250184538587765
925 683312870409569 -84083 -35956 77979 704072668174842 -645322093448766 -341482971812762
926 971482842221372 39342 -43734 -93728 -375626465199339 -802417996838187 -749302172481176
927 11593466649131 31365 96542 2764 438744018571531 -638061081428499 -636864165200255
928 890129540617426 -2355 -56369 -37837 851142094007085 867823620956599 -680720092429003
929 732378792998267 66983 -2243 32769 -747162301226675 940706873075561 -233506516622330
930 993230394125335 -12004 -6528 97991 852628870584503 497734001232353 684532111109361
931 594055641608537 -40861 12064 34645 -466704011318877 581534082354857 -726205586551277
932 258347912109204 -60930 -4359 -16484 -664372502760433 844043490589072 -124192546905687
933 22704584388182 11285 -80954 41877 816162172239027 -73187405374877 956097806763107
934 773448835155312 -95141 -47163 24053 427970611804594 -6538904682550 248592380887998
935 262971408564030 18597 -89659 -49990 -801259515610148 -314431560037924 31253232502851
936 896854887201467 31186 -55541 -60533 -116500756462547 122338346746233 412859570675586
937 588881848510038 -41567 23446 2126 556013912768466 522225216026290 -453077402182847
938 769106433030537 -85698 64224 33469 -362781266819986 -382687146574870 850794973302594
939 272936501828855 34573 82322 14135 66869758878943 -704058588257946 -763209142832551
940 495825899681139 -81425 89739 43116 -386555954609156 562024410997398 510598339203736
941 726087696411376 -33501 47847 22539 119034665801154 -17079213891765 769788954624065
942 991383825963604 -93620 15093 42188 555488506605286 -483093976359807 -476333159017733
943 284249932173553 -75439 -10422 62511 -341527754958260 746287642818384 764780923754044
944 37937331027032 36458 90711 19660 749753314699130 993246119644045 -738137847787094
945 389967317182137 -41864 -29857 -60472 -236577251245667 465633511748170 -940990246921395
946 926672896443278 -37290 92706 53790 809155041788910 330025717928640 -992831693261412
947 920894302232564 -47924 -93844 -82961 335569776920874 283093403507849 -541048716090423
948 176547228885160 38835 57805 -32771 -677499746756960 860627651741401 83397917439749
949 18931556682204 -24556 87645 -95997 -818903686800065 -397859942252975 -394675802109954
950 167010545133112 -11698 -34360 37847 996762125454139 -457603568430158 -893705280371278
951 89972930358705 -29179 2284 9808 -596569180451482 -91526898003144 -380978462948168
952 802767750316494 35739 93792 -45654 286930462615771 -667596467107006 -652651369480377
953 393555504881793 63732 86550 -92240 547731940463392 -199912928035160 -285115845242941
954 873899613989121 69101 -37712 -43787 -603624084734302 158954528147618 971053665525888
955 165355281438681 -65248 10018 76738 133921266218068 -657766227987071 -716369737729599
956 655518653480474 21819 -76708 -48182 616782222968447 583021715434352 -626353765456657
957 585577851442180 69655 -13378 -65021 435677240762086 599547099697907 367101900464865
958 212547035181359 -68995 35931 -75493 143424999974046 737148838896030 300347660658132
959 769341836493751 16285 61583 7180 793033152457805 -476783656335739 636829721674683
960 40911224211356 -84672 24801 -26237 724326645759778 -5827685571394 -224438909050340
961 184635894477910 27858 -21522 -15940 111387282942094 -840682734022095 322666965596167
962 718497213455108 -66326 20992 86721 -767313700866291 511753863402044 -407857794507822
963 884313322817501 -30729 63919 55363 -377205600311471 130811015952555 -701862830186247
964 153645321832795 82833 -64783 66597 -967917645045442 705518972053868 230634308155213
965 195266735268061 -87356 79648 92094 -365159693878401 -897852107054628 264769989558019
966 47285399959666 -76907 98690 -13165 683115056146026 19360185623097 880798153503150
967 311378497505914 -5222 63645 98248 -618860004606411 -892451639487630 230705788003478
968 805671760979026 -52737 29731 -24438 -116561093979996 663032753698675 -511570010633366
969 908719004215118 34029 -15049 -64927 484854600213607 -897476071141632 287962522846993
970 925782474120053 -98574 93276 10330 -536099969475593 520760995856595 357439096941917
971 938563984667024 62022 32259 -96162 23415016221666 -224541618873252 -867716039111453
972 129571494768543 -91871 49947 78669 157238788840649 519550441092800 -821168521893337
973 140213593335782 692 45459 48063 588004764318913 -59241663752250 113630159240191
974 268858577089931 83734 -45780 90953 -112582238510985 -886708149622983 35507424911305
975 468532269460312 -70998 -62097 -11571 592688629029530 -814093715307664 969666815045849
976 658028370122586 19257 -97617 89844 615083894063112 404859855370569 139020153515543
977 937867364857240 35842 89960 -90169 -578978649689909 -181561850701805 -201712130037232
978 249608181315162 -48428 66372 -2166 -714272986558830 928002768009672 -230430206845132
979 825409245832260 -44120 37564 40599 601413455541272 994081533145067 -848144573410168
980 654918921010448 78492 -85053 85758 644366207744230 -800836009062635 -754793589474939
981 120958115683912 -14317 -8907 -52661 -149526620594040 -855209208901895 505551014807568
982 433290891300124 31216 38299 51180 -401669547230967 -241634372710964 -825690310506984
983 139351589081082 -63765 99630 -82436 -629517520229984 -578023006445512 381563875968079
984 614778487510694 64844 26421 54584 112735949571799 996620740656522 228502733769451
985 735101331733588 90407 -280 639 16162222469367 -758285826385348 863406317465479
986 775633976367322 60340 62433 67507 497202491506044 -332090320167522 346364491691358
987 549480925765755 2201 9508 90043 -463198967844352 -933580616090150 945697780841115
988 905569193165745 -16577 42030 86009 -33603261205241 928160566849666 -665433099761961
989 933895858017096 98000 -12210 81389 -423826230396971 -969865923806722 -36107834222192
990 56067955637226 -75796 -48398 -53990 -66796458227555 472272519455818 -175558157976401
991 571257215702144 43208 42933 72098 -138601667159260 550387200177784 -977873880408160
992 446595352795107 42263 -93051 -63072 -445088558323167 -437170647417067 751420709407835
993 994948856355020 -88954 84784 93320 973549327188444 -275567926625027 734394810639418
994 606296273632152 -39310 47659 6697 192478132708901 283445773018882 -184055042849901
995 591824657781066 291 -45428 -74682 -583331871534000 -484922313655816 41279084980877
996 28214072023552 12463 -86698 -66171 -166572568005043 184133818014202 -256884572749960
997 242874603816971 30453 -16331 56682 -499807116944549 930473047775094 -871217619946477
998 249630270817482 -43333 -71562 -44008 -600354044708853 726011381534317 60372960559552
999 521685004856277 10118 98086 12668 -963097633510570 -973992589148101 192450397440662
